      <rosparam param="process_noise_covariance">[0.03, 0.0,  0.0,      0.0,   0.0,   0.0,  0.0,   0.0,   0.0,  0.0,   0.0,   0.0,   0.0,  0.0,  0.0,
                                                  0.0,  0.03, 0.0,      0.0,   0.0,   0.0,  0.0,   0.0,   0.0,  0.0,   0.0,   0.0,   0.0,  0.0,  0.0,
                                                  0.0,  0.0,  0.000001, 0.0,   0.0,   0.0,  0.0,   0.0,   0.0,  0.0,   0.0,   0.0,   0.0,  0.0,  0.0,
                                                  0.0,  0.0,  0.0,      0.03,  0.0,   0.0,  0.0,   0.0,   0.0,  0.0,   0.0,   0.0,   0.0,  0.0,  0.0,
                                                  0.0,  0.0,  0.0,      0.0,   0.03,  0.0,  0.0,   0.0,   0.0,  0.0,   0.0,   0.0,   0.0,  0.0,  0.0,
                                                  0.0,  0.0,  0.0,      0.0,   0.00,  0.06, 0.0,   0.0,   0.0,  0.0,   0.0,   0.0,   0.0,  0.0,  0.0,
                                                  0.0,  0.0,  0.0,      0.0,   0.00,  0.0,  0.025, 0.0,   0.0,  0.0,   0.0,   0.0,   0.0,  0.0,  0.0,
                                                  0.0,  0.0,  0.0,      0.0,   0.00,  0.0,  0.0,   0.025, 0.0,  0.0,   0.0,   0.0,   0.0,  0.0,  0.0,
                                                  0.0,  0.0,  0.0,      0.0,   0.00,  0.0,  0.0,   0.0,   0.05, 0.0,   0.0,   0.0,   0.0,  0.0,  0.0,
                                                  0.0,  0.0,  0.0,      0.0,   0.00,  0.0,  0.0,   0.0,   0.0,  0.002, 0.0,   0.0,   0.0,  0.0,  0.0,
                                                  0.0,  0.0,  0.0,      0.0,   0.00,  0.0,  0.0,   0.0,   0.0,  0.0,   0.002, 0.0,   0.0,  0.0,  0.0,
                                                  0.0,  0.0,  0.0,      0.0,   0.00,  0.0,  0.0,   0.0,   0.0,  0.0,   0.0,   0.004, 0.0,  0.0,  0.0,
                                                  0.0,  0.0,  0.0,      0.0,   0.00,  0.0,  0.0,   0.0,   0.0,  0.0,   0.0,   0.0,   0.4,  0.0,  0.0,
                                                  0.0,  0.0,  0.0,      0.0,   0.00,  0.0,  0.0,   0.0,   0.0,  0.0,   0.0,   0.0,   0.0,  0.4,  0.0,
                                                  0.0,  0.0,  0.0,      0.0,   0.00,  0.0,  0.0,   0.0,   0.0,  0.0,   0.0,   0.0,   0.0,  0.0,  0.4]
